1.7155711877451454
1.5724175935226303
2.859202261404155
2.417482237906628
2.417482237906628
2.2208046553495135
2.417482237906628
2.417482237906628
2.417482237906628
2.629927091577368
3.6595317170226993
1.7155711877451454
1.7155711877451454
3.967965270075985
4.2994720696317525
4.65550485148509
3.967965270075985
1.870776817930441
4.2994720696317525
1.870776817930441
4.2994720696317525
3.3727904024404016
3.3727904024404016
1.5724175935226303
4.2994720696317525
1.5724175935226303
1.7155711877451454
3.967965270075985
3.967965270075985
1.2074340059003499
2.629927091577368
2.2208046553495135
1.870776817930441
1.7155711877451454
2.2208046553495135
1.5724175935226303
1.440510248595126
1.7155711877451454
1.870776817930441
4.2994720696317525
1.5724175935226303
4.65550485148509
1.5724175935226303
1.870776817930441
1.7155711877451454
4.2994720696317525
3.967965270075985
2.629927091577368
2.629927091577368
2.629927091577368
3.1064292267626348
2.2208046553495135
3.1064292267626348
2.629927091577368
2.417482237906628
3.1064292267626348
2.629927091577368
1.7155711877451454
2.629927091577368
2.038887307946296
3.1064292267626348
3.1064292267626348
1.5724175935226303
2.2208046553495135
4.2994720696317525
3.967965270075985
1.5724175935226303
4.2994720696317525
1.5724175935226303
2.417482237906628
3.967965270075985
3.1064292267626348
4.65550485148509
6.356625926297197
4.2994720696317525
5.0375909818338265
3.1064292267626348
3.3727904024404016
3.967965270075985
5.0375909818338265
2.417482237906628
3.1064292267626348
3.3727904024404016
5.447335444796175
2.417482237906628
5.447335444796175
1.5724175935226303
3.1064292267626348
3.3727904024404016
3.967965270075985
1.2074340059003499
2.2208046553495135
1.870776817930441
3.1064292267626348
2.417482237906628
5.0375909818338265
2.629927091577368
5.886423916356039
1.5724175935226303
2.038887307946296
2.417482237906628
1.5724175935226303
2.629927091577368
6.356625926297197
1.5724175935226303
1.5724175935226303
4.2994720696317525
1.5724175935226303
2.629927091577368
5.447335444796175
1.5724175935226303
2.629927091577368
2.417482237906628
1.5724175935226303
2.629927091577368
4.2994720696317525
1.870776817930441
5.447335444796175
1.5724175935226303
1.870776817930441
2.417482237906628
3.3727904024404016
5.0375909818338265
2.629927091577368
3.3727904024404016
2.629927091577368
2.417482237906628
3.6595317170226993
1.5724175935226303
2.417482237906628
3.6595317170226993
2.629927091577368
2.417482237906628
3.3727904024404016
1.7155711877451454
2.629927091577368
1.5724175935226303
2.417482237906628
2.629927091577368
3.3727904024404016
1.7155711877451454
3.3727904024404016
1.7155711877451454
2.629927091577368
2.417482237906628
3.6595317170226993
2.417482237906628
3.967965270075985
3.3727904024404016
2.417482237906628
3.3727904024404016
1.7155711877451454
2.417482237906628
2.417482237906628
1.7155711877451454
2.629927091577368
3.3727904024404016
1.7155711877451454
3.6595317170226993
1.5724175935226303
2.629927091577368
2.417482237906628
3.967965270075985
2.2208046553495135
3.967965270075985
1.5724175935226303
1.3190883356183267
1.5724175935226303
