1.3190883356183267
0.5865720288722465
1.870776817930441
1.7155711877451454
2.859202261404155
2.038887307946296
2.038887307946296
2.038887307946296
2.417482237906628
3.3727904024404016
1.3190883356183267
1.3190883356183267
1.440510248595126
5.886423916356039
4.655504851485089
4.655504851485089
5.0375909818338265
3.6595317170226993
0.8774627140346202
0.28852395406988846
0.38554328942953164
0.333874811356594
0.5109962494792608
0.44429992043324795
0.21405831560130767
0.28852395406988846
0.28852395406988846
0.2487944999610892
0.2487944999610892
0.13443063274931202
1.2074340059003499
0.1837495629159977
0.5109962494792608
0.38554328942953164
0.44429992043324795
1.870776817930441
2.417482237906628
1.870776817930441
2.2208046553495135
2.038887307946296
1.01076
2.2208046553495135
