2.2208046553495135
2.417482237906628
1.7155711877451454
1.7155711877451454
1.440510248595126
4.2994720696317525
2.2208046553495135
2.859202261404155
5.0375909818338265
5.447335444796175
6.356625926297197
1.870776817930441
3.6595317170226993
1.2074340059003499
1.3190883356183267
1.2074340059003499
3.3727904024404016
1.7155711877451454
1.7155711877451454
6.8597981096986755
2.2208046553495135
5.447335444796175
2.2208046553495135
4.2994720696317525
6.356625926297197
3.3727904024404016
4.655504851485089
3.3727904024404016
2.2208046553495135
3.3727904024404016
3.6595317170226993
2.859202261404155
6.8597981096986755
5.0375909818338265
6.356625926297197
3.967965270075985
3.3727904024404016
1.5724175935226303
2.2208046553495135
1.01076
2.2208046553495135
3.6595317170226993
