1.01076
1.440510248595126
1.5724175935226303
2.417482237906628
3.967965270075985
1.440510248595126
3.3727904024404016
2.859202261404155
3.3727904024404016
4.655504851485089
5.886423916356039
6.356625926297197
1.870776817930441
4.2994720696317525
1.7155711877451454
1.440510248595126
1.5724175935226303
1.7155711877451454
1.5724175935226303
2.038887307946296
1.440510248595126
1.3190883356183267
1.440510248595126
2.2208046553495135
2.2208046553495135
1.1048704445411937
3.3727904024404016
2.629927091577368
5.447335444796175
5.886423916356039
3.1064292267626348
5.447335444796175
4.2994720696317525
3.3727904024404016
3.3727904024404016
3.967965270075985
1.2074340059003499
0.6720629370667488
0.28852395406988846
0.2487944999610892
0.28852395406988846
0.8774627140346202
